archiv studi – sever read materi includ book|41,0.001241721854304636;41,0.001241721854304636;41,0.001241721854304636;41,0.001241721854304636;41,0.001241721854304636
relev literatur relev literatur sever techniqu|41,0.002207505518763797;41,0.002207505518763797;41,0.002207505518763797;41,0.002207505518763797;41,0.002207505518763797
schedul budget conclus refer rio|41,0.000827814569536424;41,0.000827814569536424;41,0.000827814569536424;41,0.000827814569536424;41,0.000827814569536424
mohd khairul anuar mat udin|41,0.0011589403973509935;41,0.0011589403973509935;41,0.0011589403973509935;41,0.0011589403973509935;41,0.0011589403973509935
limit keyword extract involv extract|41,0.0014900662251655628;41,0.0014900662251655628;41,0.0014900662251655628;41,0.0014900662251655628;41,0.0014900662251655628
bayesian model like naïv bay|41,0.0014900662251655628;41,0.0014900662251655628;41,0.0014900662251655628;41,0.0014900662251655628;41,0.0014900662251655628
base final year project student|41,0.004966887417218543;41,0.004966887417218543;41,0.004966887417218543;41,0.004966887417218543;41,0.004966887417218543
mohd fuad abdul latip|41,0.0012417218543046358;41,0.0012417218543046358;41,0.0012417218543046358;41,0.0012417218543046358;41,0.0012417218543046358
implement final year project|41,0.002897350993377484;41,0.002897350993377484;41,0.002897350993377484;41,0.002897350993377484;41,0.002897350993377484
conduct final year project|41,0.002897350993377484;41,0.002897350993377484;41,0.002897350993377484;41,0.002897350993377484;41,0.002897350993377484
process whilst still undertak|41,0.003311258278145696;41,0.003311258278145696;41,0.003311258278145696;41,0.003311258278145696;41,0.003311258278145696
use wordnet ontolog prove|41,0.0010347682119205299;41,0.0010347682119205299;41,0.0010347682119205299;41,0.0010347682119205299;41,0.0010347682119205299
term frequenc basic look|41,0.002276490066225166;41,0.002276490066225166;41,0.002276490066225166;41,0.002276490066225166;41,0.002276490066225166
process new inform implicitli|41,0.0037251655629139077;41,0.0037251655629139077;41,0.0037251655629139077;41,0.0037251655629139077;41,0.0037251655629139077
invers document frequenc penal|41,0.0028973509933774835;41,0.0028973509933774835;41,0.0028973509933774835;41,0.0028973509933774835;41,0.0028973509933774835
teacher guid research question|41,0.0026903973509933778;41,0.0026903973509933778;41,0.0026903973509933778;41,0.0026903973509933778;41,0.0026903973509933778
final year project|41,0.004690949227373069;41,0.004690949227373069;41,0.004690949227373069;41,0.004690949227373069;41,0.004690949227373069
rank fuzzi logic offer|41,0.0033112582781456954;41,0.0033112582781456954;41,0.0033112582781456954;41,0.0033112582781456954;41,0.0033112582781456954
ihsan mohd yassin|41,0.0013796909492273732;41,0.0013796909492273732;41,0.0013796909492273732;41,0.0013796909492273732;41,0.0013796909492273732
418 – 430|41,0.0016556291390728477;41,0.0016556291390728477;41,0.0016556291390728477;41,0.0016556291390728477;41,0.0016556291390728477
1101 – 1104|41,0.0016556291390728477;41,0.0016556291390728477;41,0.0016556291390728477;41,0.0016556291390728477;41,0.0016556291390728477
invers document frequenc|41,0.0035871964679911696;41,0.0035871964679911696;41,0.0035871964679911696;41,0.0035871964679911696;41,0.0035871964679911696
current process like|41,0.004966887417218543;41,0.004966887417218543;41,0.004966887417218543;41,0.004966887417218543;41,0.004966887417218543
zairi ismael rizman|41,0.0008278145695364238;41,0.0008278145695364238;41,0.0008278145695364238;41,0.0008278145695364238;41,0.0008278145695364238
semant toronto publish|41,0.0008278145695364238;41,0.0008278145695364238;41,0.0008278145695364238;41,0.0008278145695364238;41,0.0008278145695364238
secondari data analysi|41,0.0011037527593818985;41,0.0011037527593818985;41,0.0011037527593818985;41,0.0011037527593818985;41,0.0011037527593818985
muhammad nabil hidayat|41,0.0011037527593818985;41,0.0011037527593818985;41,0.0011037527593818985;41,0.0011037527593818985;41,0.0011037527593818985
muhammad murtadha othman|41,0.0011037527593818985;41,0.0011037527593818985;41,0.0011037527593818985;41,0.0011037527593818985;41,0.0011037527593818985
larg data base|41,0.0016556291390728477;41,0.0016556291390728477;41,0.0016556291390728477;41,0.0016556291390728477;41,0.0016556291390728477
individu select tend|41,0.0008278145695364238;41,0.0008278145695364238;41,0.0008278145695364238;41,0.0008278145695364238;41,0.0008278145695364238
http :// www|41,0.0008278145695364238;41,0.0008278145695364238;41,0.0008278145695364238;41,0.0008278145695364238;41,0.0008278145695364238
fuzzi logic …|41,0.0033112582781456954;41,0.0033112582781456954;41,0.0033112582781456954;41,0.0033112582781456954;41,0.0033112582781456954
fuzzi logic counter|41,0.0033112582781456954;41,0.0033112582781456954;41,0.0033112582781456954;41,0.0033112582781456954;41,0.0033112582781456954
comput scienc project|41,0.0016556291390728477;41,0.0016556291390728477;41,0.0016556291390728477;41,0.0016556291390728477;41,0.0016556291390728477
process larg bodi|41,0.0052428256070640175;41,0.0052428256070640175;41,0.0052428256070640175;41,0.0052428256070640175;41,0.0052428256070640175
jomo kenyatta univers|41,0.0011037527593818985;41,0.0011037527593818985;41,0.0011037527593818985;41,0.0011037527593818985;41,0.0011037527593818985
design mix method|41,0.0011037527593818985;41,0.0011037527593818985;41,0.0011037527593818985;41,0.0011037527593818985;41,0.0011037527593818985
increas student number|41,0.0033112582781456962;41,0.0033112582781456962;41,0.0033112582781456962;41,0.0033112582781456962;41,0.0033112582781456962
propos among other|41,0.0013796909492273732;41,0.0013796909492273732;41,0.0013796909492273732;41,0.0013796909492273732;41,0.0013796909492273732
inform retriev research|41,0.0033112582781456954;41,0.0033112582781456954;41,0.0033112582781456954;41,0.0033112582781456954;41,0.0033112582781456954
approach work fine|41,0.0016556291390728477;41,0.0016556291390728477;41,0.0016556291390728477;41,0.0016556291390728477;41,0.0016556291390728477
supervisor recommend tool|41,0.0041390728476821195;41,0.0041390728476821195;41,0.0041390728476821195;41,0.0041390728476821195;41,0.0041390728476821195
handl larg bodi|41,0.0022075055187637973;41,0.0022075055187637973;41,0.0022075055187637973;41,0.0022075055187637973;41,0.0022075055187637973
relat necessari requir|41,0.0013796909492273732;41,0.0013796909492273732;41,0.0013796909492273732;41,0.0013796909492273732;41,0.0013796909492273732
platform et cetera|41,0.0013796909492273732;41,0.0013796909492273732;41,0.0013796909492273732;41,0.0013796909492273732;41,0.0013796909492273732
comput power becom|41,0.0011037527593818985;41,0.0011037527593818985;41,0.0011037527593818985;41,0.0011037527593818985;41,0.0011037527593818985
suitabl one given|41,0.0016556291390728477;41,0.0016556291390728477;41,0.0016556291390728477;41,0.0016556291390728477;41,0.0016556291390728477
mismatch may aris|41,0.0016556291390728477;41,0.0016556291390728477;41,0.0016556291390728477;41,0.0016556291390728477;41,0.0016556291390728477
sophist match system|41,0.003863134657836645;41,0.003863134657836645;41,0.003863134657836645;41,0.003863134657836645;41,0.003863134657836645
effect match student|41,0.0041390728476821195;41,0.0041390728476821195;41,0.0041390728476821195;41,0.0041390728476821195;41,0.0041390728476821195
particular recommend system|41,0.0033112582781456954;41,0.0033112582781456954;41,0.0033112582781456954;41,0.0033112582781456954;41,0.0033112582781456954
student ’ shoulder|41,0.0052428256070640175;41,0.0052428256070640175;41,0.0052428256070640175;41,0.0052428256070640175;41,0.0052428256070640175
help us come|41,0.0013796909492273732;41,0.0013796909492273732;41,0.0013796909492273732;41,0.0013796909492273732;41,0.0013796909492273732
student ’ project|41,0.006898454746136866;41,0.006898454746136866;41,0.006898454746136866;41,0.006898454746136866;41,0.006898454746136866
naïv bay|41,0.0016556291390728477;41,0.0016556291390728477;41,0.0016556291390728477;41,0.0016556291390728477;41,0.0016556291390728477
keyword extract|41,0.0016556291390728477;41,0.0016556291390728477;41,0.0016556291390728477;41,0.0016556291390728477;41,0.0016556291390728477
supervisor match system|41,0.007174392935982339;41,0.007174392935982339;41,0.007174392935982339;41,0.007174392935982339;41,0.007174392935982339
term frequenc|41,0.0037251655629139072;41,0.0037251655629139072;41,0.0037251655629139072;41,0.0037251655629139072;41,0.0037251655629139072
relev supervisor|41,0.007036423841059602;41,0.007036423841059602;41,0.007036423841059602;41,0.007036423841059602;41,0.007036423841059602
right techniqu|41,0.0012417218543046358;41,0.0012417218543046358;41,0.0012417218543046358;41,0.0012417218543046358;41,0.0012417218543046358
relev word|41,0.0028973509933774835;41,0.0028973509933774835;41,0.0028973509933774835;41,0.0028973509933774835;41,0.0028973509933774835
experi –|41,0.0020695364238410598;41,0.0020695364238410598;41,0.0020695364238410598;41,0.0020695364238410598;41,0.0020695364238410598
project base|41,0.0041390728476821195;41,0.0041390728476821195;41,0.0041390728476821195;41,0.0041390728476821195;41,0.0041390728476821195
fuzzi logic|41,0.004552980132450331;41,0.004552980132450331;41,0.004552980132450331;41,0.004552980132450331;41,0.004552980132450331
probabilist model|41,0.0012417218543046358;41,0.0012417218543046358;41,0.0012417218543046358;41,0.0012417218543046358;41,0.0012417218543046358
particular document|41,0.0028973509933774835;41,0.0028973509933774835;41,0.0028973509933774835;41,0.0028973509933774835;41,0.0028973509933774835
supervisor base|41,0.006622516556291391;41,0.006622516556291391;41,0.006622516556291391;41,0.006622516556291391;41,0.006622516556291391
insuffici inform|41,0.0016556291390728477;41,0.0016556291390728477;41,0.0016556291390728477;41,0.0016556291390728477;41,0.0016556291390728477
research question|41,0.004552980132450331;41,0.004552980132450331;41,0.004552980132450331;41,0.004552980132450331;41,0.004552980132450331
project seek|41,0.0033112582781456954;41,0.0033112582781456954;41,0.0033112582781456954;41,0.0033112582781456954;41,0.0033112582781456954
project ensur|41,0.0033112582781456954;41,0.0033112582781456954;41,0.0033112582781456954;41,0.0033112582781456954;41,0.0033112582781456954
one ’|41,0.0033112582781456954;41,0.0033112582781456954;41,0.0033112582781456954;41,0.0033112582781456954;41,0.0033112582781456954
may aris|41,0.0020695364238410598;41,0.0020695364238410598;41,0.0020695364238410598;41,0.0020695364238410598;41,0.0020695364238410598
match student|41,0.004552980132450332;41,0.004552980132450332;41,0.004552980132450332;41,0.004552980132450332;41,0.004552980132450332
research method|41,0.0041390728476821195;41,0.0041390728476821195;41,0.0041390728476821195;41,0.0041390728476821195;41,0.0041390728476821195
particular student|41,0.0053807947019867556;41,0.0053807947019867556;41,0.0053807947019867556;41,0.0053807947019867556;41,0.0053807947019867556
tradit logic|41,0.0037251655629139072;41,0.0037251655629139072;41,0.0037251655629139072;41,0.0037251655629139072;41,0.0037251655629139072
logic poss|41,0.0033112582781456954;41,0.0033112582781456954;41,0.0033112582781456954;41,0.0033112582781456954;41,0.0033112582781456954
huge bodi|41,0.0024834437086092716;41,0.0024834437086092716;41,0.0024834437086092716;41,0.0024834437086092716;41,0.0024834437086092716
current system|41,0.004552980132450331;41,0.004552980132450331;41,0.004552980132450331;41,0.004552980132450331;41,0.004552980132450331
supervis process|41,0.008278145695364239;41,0.008278145695364239;41,0.008278145695364239;41,0.008278145695364239;41,0.008278145695364239
suitabl approach|41,0.0028973509933774835;41,0.0028973509933774835;41,0.0028973509933774835;41,0.0028973509933774835;41,0.0028973509933774835
research propos|41,0.004552980132450331;41,0.004552980132450331;41,0.004552980132450331;41,0.004552980132450331;41,0.004552980132450331
current approach|41,0.0028973509933774835;41,0.0028973509933774835;41,0.0028973509933774835;41,0.0028973509933774835;41,0.0028973509933774835
match keyword|41,0.0012417218543046358;41,0.0012417218543046358;41,0.0012417218543046358;41,0.0012417218543046358;41,0.0012417218543046358
help identifi|41,0.0012417218543046358;41,0.0012417218543046358;41,0.0012417218543046358;41,0.0012417218543046358;41,0.0012417218543046358
categor match|41,0.0024834437086092716;41,0.0024834437086092716;41,0.0024834437086092716;41,0.0024834437086092716;41,0.0024834437086092716
student close|41,0.004552980132450332;41,0.004552980132450332;41,0.004552980132450332;41,0.004552980132450332;41,0.004552980132450332
interact student|41,0.004552980132450332;41,0.004552980132450332;41,0.004552980132450332;41,0.004552980132450332;41,0.004552980132450332
exist student|41,0.004552980132450332;41,0.004552980132450332;41,0.004552980132450332;41,0.004552980132450332;41,0.004552980132450332
propos investig|41,0.0016556291390728477;41,0.0016556291390728477;41,0.0016556291390728477;41,0.0016556291390728477;41,0.0016556291390728477
may affect|41,0.0016556291390728477;41,0.0016556291390728477;41,0.0016556291390728477;41,0.0016556291390728477;41,0.0016556291390728477
latter ’|41,0.0028973509933774835;41,0.0028973509933774835;41,0.0028973509933774835;41,0.0028973509933774835;41,0.0028973509933774835
former ’|41,0.0028973509933774835;41,0.0028973509933774835;41,0.0028973509933774835;41,0.0028973509933774835;41,0.0028973509933774835
follow question|41,0.0024834437086092716;41,0.0024834437086092716;41,0.0024834437086092716;41,0.0024834437086092716;41,0.0024834437086092716
subscrib system|41,0.0037251655629139072;41,0.0037251655629139072;41,0.0037251655629139072;41,0.0037251655629139072;41,0.0037251655629139072
student end|41,0.0053807947019867556;41,0.0053807947019867556;41,0.0053807947019867556;41,0.0053807947019867556;41,0.0053807947019867556
student easier|41,0.0053807947019867556;41,0.0053807947019867556;41,0.0053807947019867556;41,0.0053807947019867556;41,0.0053807947019867556
dynam system|41,0.0037251655629139072;41,0.0037251655629139072;41,0.0037251655629139072;41,0.0037251655629139072;41,0.0037251655629139072
structur approach|41,0.0020695364238410598;41,0.0020695364238410598;41,0.0020695364238410598;41,0.0020695364238410598;41,0.0020695364238410598
research object|41,0.0041390728476821195;41,0.0041390728476821195;41,0.0041390728476821195;41,0.0041390728476821195;41,0.0041390728476821195
research aim|41,0.0041390728476821195;41,0.0041390728476821195;41,0.0041390728476821195;41,0.0041390728476821195;41,0.0041390728476821195
effect handl|41,0.0024834437086092716;41,0.0024834437086092716;41,0.0024834437086092716;41,0.0024834437086092716;41,0.0024834437086092716
appropri supervisor|41,0.0037251655629139072;41,0.0037251655629139072;41,0.0037251655629139072;41,0.0037251655629139072;41,0.0037251655629139072
applic ’|41,0.004966887417218543;41,0.004966887417218543;41,0.004966887417218543;41,0.004966887417218543;41,0.004966887417218543
vazquez r|41,0.0008278145695364238;41,0.0008278145695364238;41,0.0008278145695364238;41,0.0008278145695364238;41,0.0008278145695364238
univers need|41,0.0024834437086092716;41,0.0024834437086092716;41,0.0024834437086092716;41,0.0024834437086092716;41,0.0024834437086092716
undergradu dissert|41,0.0008278145695364238;41,0.0008278145695364238;41,0.0008278145695364238;41,0.0008278145695364238;41,0.0008278145695364238
tertiari institut|41,0.0008278145695364238;41,0.0008278145695364238;41,0.0008278145695364238;41,0.0008278145695364238;41,0.0008278145695364238
suitabl supervisor|41,0.003311258278145696;41,0.003311258278145696;41,0.003311258278145696;41,0.003311258278145696;41,0.003311258278145696
suggest item|41,0.0008278145695364238;41,0.0008278145695364238;41,0.0008278145695364238;41,0.0008278145695364238;41,0.0008278145695364238
specif task|41,0.0008278145695364238;41,0.0008278145695364238;41,0.0008278145695364238;41,0.0008278145695364238;41,0.0008278145695364238
semant comprehens|41,0.0008278145695364238;41,0.0008278145695364238;41,0.0008278145695364238;41,0.0008278145695364238;41,0.0008278145695364238
search strategi|41,0.0008278145695364238;41,0.0008278145695364238;41,0.0008278145695364238;41,0.0008278145695364238;41,0.0008278145695364238
sanfiz j|41,0.0008278145695364238;41,0.0008278145695364238;41,0.0008278145695364238;41,0.0008278145695364238;41,0.0008278145695364238
predefin deadlin|41,0.0008278145695364238;41,0.0008278145695364238;41,0.0008278145695364238;41,0.0008278145695364238;41,0.0008278145695364238
norliza zaini|41,0.0008278145695364238;41,0.0008278145695364238;41,0.0008278145695364238;41,0.0008278145695364238;41,0.0008278145695364238
might encount|41,0.0008278145695364238;41,0.0008278145695364238;41,0.0008278145695364238;41,0.0008278145695364238;41,0.0008278145695364238
meaning word|41,0.0016556291390728477;41,0.0016556291390728477;41,0.0016556291390728477;41,0.0016556291390728477;41,0.0016556291390728477
mani time|41,0.0008278145695364238;41,0.0008278145695364238;41,0.0008278145695364238;41,0.0008278145695364238;41,0.0008278145695364238
limit period|41,0.0008278145695364238;41,0.0008278145695364238;41,0.0008278145695364238;41,0.0008278145695364238;41,0.0008278145695364238
kasim terzic|41,0.0008278145695364238;41,0.0008278145695364238;41,0.0008278145695364238;41,0.0008278145695364238;41,0.0008278145695364238
jkuat ),|41,0.0008278145695364238;41,0.0008278145695364238;41,0.0008278145695364238;41,0.0008278145695364238;41,0.0008278145695364238
involv parti|41,0.0020695364238410598;41,0.0020695364238410598;41,0.0020695364238410598;41,0.0020695364238410598;41,0.0020695364238410598
intern confer|41,0.0012417218543046358;41,0.0012417218543046358;41,0.0012417218543046358;41,0.0012417218543046358;41,0.0012417218543046358
huge bottleneck|41,0.0016556291390728477;41,0.0016556291390728477;41,0.0016556291390728477;41,0.0016556291390728477;41,0.0016556291390728477
good metric|41,0.0008278145695364238;41,0.0008278145695364238;41,0.0008278145695364238;41,0.0008278145695364238;41,0.0008278145695364238
give word|41,0.0012417218543046358;41,0.0012417218543046358;41,0.0012417218543046358;41,0.0012417218543046358;41,0.0012417218543046358
gintar zemaityt|41,0.0008278145695364238;41,0.0008278145695364238;41,0.0008278145695364238;41,0.0008278145695364238;41,0.0008278145695364238
fulli involv|41,0.0016556291390728477;41,0.0016556291390728477;41,0.0016556291390728477;41,0.0016556291390728477;41,0.0016556291390728477
everi graduat|41,0.0008278145695364238;41,0.0008278145695364238;41,0.0008278145695364238;41,0.0008278145695364238;41,0.0008278145695364238
european confer|41,0.0012417218543046358;41,0.0012417218543046358;41,0.0012417218543046358;41,0.0012417218543046358;41,0.0012417218543046358
essenti part|41,0.0008278145695364238;41,0.0008278145695364238;41,0.0008278145695364238;41,0.0008278145695364238;41,0.0008278145695364238
equal vital|41,0.0008278145695364238;41,0.0008278145695364238;41,0.0008278145695364238;41,0.0008278145695364238;41,0.0008278145695364238
drive question|41,0.0008278145695364238;41,0.0008278145695364238;41,0.0008278145695364238;41,0.0008278145695364238;41,0.0008278145695364238
differ adjust|41,0.0008278145695364238;41,0.0008278145695364238;41,0.0008278145695364238;41,0.0008278145695364238;41,0.0008278145695364238
desir effect|41,0.0008278145695364238;41,0.0008278145695364238;41,0.0008278145695364238;41,0.0008278145695364238;41,0.0008278145695364238
critic junctur|41,0.0008278145695364238;41,0.0008278145695364238;41,0.0008278145695364238;41,0.0008278145695364238;41,0.0008278145695364238
credibl sourc|41,0.0008278145695364238;41,0.0008278145695364238;41,0.0008278145695364238;41,0.0008278145695364238;41,0.0008278145695364238
could appli|41,0.0008278145695364238;41,0.0008278145695364238;41,0.0008278145695364238;41,0.0008278145695364238;41,0.0008278145695364238
condit linearli|41,0.0008278145695364238;41,0.0008278145695364238;41,0.0008278145695364238;41,0.0008278145695364238;41,0.0008278145695364238
compet develop|41,0.0008278145695364238;41,0.0008278145695364238;41,0.0008278145695364238;41,0.0008278145695364238;41,0.0008278145695364238
common word|41,0.0020695364238410598;41,0.0020695364238410598;41,0.0020695364238410598;41,0.0020695364238410598;41,0.0020695364238410598
common ground|41,0.0012417218543046358;41,0.0012417218543046358;41,0.0012417218543046358;41,0.0012417218543046358;41,0.0012417218543046358
becom cumbersom|41,0.0008278145695364238;41,0.0008278145695364238;41,0.0008278145695364238;41,0.0008278145695364238;41,0.0008278145695364238
avoid mishap|41,0.0008278145695364238;41,0.0008278145695364238;41,0.0008278145695364238;41,0.0008278145695364238;41,0.0008278145695364238
appropri guidelin|41,0.0020695364238410598;41,0.0020695364238410598;41,0.0020695364238410598;41,0.0020695364238410598;41,0.0020695364238410598
anoth benefit|41,0.0008278145695364238;41,0.0008278145695364238;41,0.0008278145695364238;41,0.0008278145695364238;41,0.0008278145695364238
also left|41,0.0012417218543046358;41,0.0012417218543046358;41,0.0012417218543046358;41,0.0012417218543046358;41,0.0012417218543046358
also give|41,0.0016556291390728477;41,0.0016556291390728477;41,0.0016556291390728477;41,0.0016556291390728477;41,0.0016556291390728477
2017 ).|41,0.0016556291390728477;41,0.0016556291390728477;41,0.0016556291390728477;41,0.0016556291390728477;41,0.0016556291390728477
supervis justif|41,0.0033112582781456954;41,0.0033112582781456954;41,0.0033112582781456954;41,0.0033112582781456954;41,0.0033112582781456954
applic requir|41,0.0037251655629139072;41,0.0037251655629139072;41,0.0037251655629139072;41,0.0037251655629139072;41,0.0037251655629139072
applic aim|41,0.0033112582781456954;41,0.0033112582781456954;41,0.0033112582781456954;41,0.0033112582781456954;41,0.0033112582781456954
problem statement|41,0.0016556291390728477;41,0.0016556291390728477;41,0.0016556291390728477;41,0.0016556291390728477;41,0.0016556291390728477
huge problem|41,0.0024834437086092716;41,0.0024834437086092716;41,0.0024834437086092716;41,0.0024834437086092716;41,0.0024834437086092716
follow object|41,0.0020695364238410598;41,0.0020695364238410598;41,0.0020695364238410598;41,0.0020695364238410598;41,0.0020695364238410598
effect solut|41,0.0020695364238410598;41,0.0020695364238410598;41,0.0020695364238410598;41,0.0020695364238410598;41,0.0020695364238410598
skew due|41,0.0012417218543046358;41,0.0012417218543046358;41,0.0012417218543046358;41,0.0012417218543046358;41,0.0012417218543046358
real time|41,0.0012417218543046358;41,0.0012417218543046358;41,0.0012417218543046358;41,0.0012417218543046358;41,0.0012417218543046358
meet up|41,0.0012417218543046358;41,0.0012417218543046358;41,0.0012417218543046358;41,0.0012417218543046358;41,0.0012417218543046358
initi commun|41,0.0012417218543046358;41,0.0012417218543046358;41,0.0012417218543046358;41,0.0012417218543046358;41,0.0012417218543046358
highli ineffici|41,0.0012417218543046358;41,0.0012417218543046358;41,0.0012417218543046358;41,0.0012417218543046358;41,0.0012417218543046358
flexibl metric|41,0.0012417218543046358;41,0.0012417218543046358;41,0.0012417218543046358;41,0.0012417218543046358;41,0.0012417218543046358
expert find|41,0.0012417218543046358;41,0.0012417218543046358;41,0.0012417218543046358;41,0.0012417218543046358;41,0.0012417218543046358
effici way|41,0.0012417218543046358;41,0.0012417218543046358;41,0.0012417218543046358;41,0.0012417218543046358;41,0.0012417218543046358
determin way|41,0.0012417218543046358;41,0.0012417218543046358;41,0.0012417218543046358;41,0.0012417218543046358;41,0.0012417218543046358
commun better|41,0.0012417218543046358;41,0.0012417218543046358;41,0.0012417218543046358;41,0.0012417218543046358;41,0.0012417218543046358
binari 1|41,0.0016556291390728477;41,0.0016556291390728477;41,0.0016556291390728477;41,0.0016556291390728477;41,0.0016556291390728477
allevi stress|41,0.0012417218543046358;41,0.0012417218543046358;41,0.0012417218543046358;41,0.0012417218543046358;41,0.0012417218543046358
supervis plan|41,0.0037251655629139072;41,0.0037251655629139072;41,0.0037251655629139072;41,0.0037251655629139072;41,0.0037251655629139072
limit|41,0.0008278145695364238;41,0.0008278145695364238;41,0.0008278145695364238;41,0.0008278145695364238;41,0.0008278145695364238
dedic expect|41,0.0020695364238410598;41,0.0020695364238410598;41,0.0020695364238410598;41,0.0020695364238410598;41,0.0020695364238410598
process|41,0.01076158940397351;41,0.01076158940397351;41,0.01076158940397351;41,0.01076158940397351;41,0.01076158940397351
use|41,0.0016556291390728477;41,0.0016556291390728477;41,0.0016556291390728477;41,0.0016556291390728477;41,0.0016556291390728477
rank|41,0.0008278145695364238;41,0.0008278145695364238;41,0.0008278145695364238;41,0.0008278145695364238;41,0.0008278145695364238
offer|41,0.0008278145695364238;41,0.0008278145695364238;41,0.0008278145695364238;41,0.0008278145695364238;41,0.0008278145695364238
student|41,0.009933774834437087;41,0.009933774834437087;41,0.009933774834437087;41,0.009933774834437087;41,0.009933774834437087
system|41,0.0008278145695364238;41,0.0008278145695364238;41,0.0008278145695364238;41,0.0008278145695364238;41,0.0008278145695364238
research|41,0.006622516556291391;41,0.006622516556291391;41,0.006622516556291391;41,0.006622516556291391;41,0.006622516556291391
supervisor|41,0.0041390728476821195;41,0.0041390728476821195;41,0.0041390728476821195;41,0.0041390728476821195;41,0.0041390728476821195
scienc|41,0.0016556291390728477;41,0.0016556291390728477;41,0.0016556291390728477;41,0.0016556291390728477;41,0.0016556291390728477
requir|41,0.0016556291390728477;41,0.0016556291390728477;41,0.0016556291390728477;41,0.0016556291390728477;41,0.0016556291390728477
platform|41,0.0024834437086092716;41,0.0024834437086092716;41,0.0024834437086092716;41,0.0024834437086092716;41,0.0024834437086092716
comput|41,0.0016556291390728477;41,0.0016556291390728477;41,0.0016556291390728477;41,0.0016556291390728477;41,0.0016556291390728477
come|41,0.0008278145695364238;41,0.0008278145695364238;41,0.0008278145695364238;41,0.0008278145695364238;41,0.0008278145695364238
supervis|41,0.005794701986754967;41,0.005794701986754967;41,0.005794701986754967;41,0.005794701986754967;41,0.005794701986754967
applic|41,0.004966887417218543;41,0.004966887417218543;41,0.004966887417218543;41,0.004966887417218543;41,0.004966887417218543
problem|41,0.0008278145695364238;41,0.0008278145695364238;41,0.0008278145695364238;41,0.0008278145695364238;41,0.0008278145695364238
follow|41,0.0008278145695364238;41,0.0008278145695364238;41,0.0008278145695364238;41,0.0008278145695364238;41,0.0008278145695364238
effect|41,0.0016556291390728477;41,0.0016556291390728477;41,0.0016556291390728477;41,0.0016556291390728477;41,0.0016556291390728477
way|41,0.0016556291390728477;41,0.0016556291390728477;41,0.0016556291390728477;41,0.0016556291390728477;41,0.0016556291390728477
time|41,0.0016556291390728477;41,0.0016556291390728477;41,0.0016556291390728477;41,0.0016556291390728477;41,0.0016556291390728477
stress|41,0.0016556291390728477;41,0.0016556291390728477;41,0.0016556291390728477;41,0.0016556291390728477;41,0.0016556291390728477
skew|41,0.0016556291390728477;41,0.0016556291390728477;41,0.0016556291390728477;41,0.0016556291390728477;41,0.0016556291390728477
plan|41,0.0008278145695364238;41,0.0008278145695364238;41,0.0008278145695364238;41,0.0008278145695364238;41,0.0008278145695364238
need|41,0.0008278145695364238;41,0.0008278145695364238;41,0.0008278145695364238;41,0.0008278145695364238;41,0.0008278145695364238
metric|41,0.0016556291390728477;41,0.0016556291390728477;41,0.0016556291390728477;41,0.0016556291390728477;41,0.0016556291390728477
meet|41,0.0016556291390728477;41,0.0016556291390728477;41,0.0016556291390728477;41,0.0016556291390728477;41,0.0016556291390728477
ineffici|41,0.0016556291390728477;41,0.0016556291390728477;41,0.0016556291390728477;41,0.0016556291390728477;41,0.0016556291390728477
find|41,0.0024834437086092716;41,0.0024834437086092716;41,0.0024834437086092716;41,0.0024834437086092716;41,0.0024834437086092716
expect|41,0.0024834437086092716;41,0.0024834437086092716;41,0.0024834437086092716;41,0.0024834437086092716;41,0.0024834437086092716
effici|41,0.0016556291390728477;41,0.0016556291390728477;41,0.0016556291390728477;41,0.0016556291390728477;41,0.0016556291390728477
dedic|41,0.0016556291390728477;41,0.0016556291390728477;41,0.0016556291390728477;41,0.0016556291390728477;41,0.0016556291390728477
commun|41,0.0016556291390728477;41,0.0016556291390728477;41,0.0016556291390728477;41,0.0016556291390728477;41,0.0016556291390728477
1|41,0.0024834437086092716;41,0.0024834437086092716;41,0.0024834437086092716;41,0.0024834437086092716;41,0.0024834437086092716
zhai|41,0.0008278145695364238;41,0.0008278145695364238;41,0.0008278145695364238;41,0.0008278145695364238;41,0.0008278145695364238
write|41,0.0008278145695364238;41,0.0008278145695364238;41,0.0008278145695364238;41,0.0008278145695364238;41,0.0008278145695364238
workaround|41,0.0008278145695364238;41,0.0008278145695364238;41,0.0008278145695364238;41,0.0008278145695364238;41,0.0008278145695364238
work|41,0.0008278145695364238;41,0.0008278145695364238;41,0.0008278145695364238;41,0.0008278145695364238;41,0.0008278145695364238
well|41,0.0008278145695364238;41,0.0008278145695364238;41,0.0008278145695364238;41,0.0008278145695364238;41,0.0008278145695364238
weak|41,0.0008278145695364238;41,0.0008278145695364238;41,0.0008278145695364238;41,0.0008278145695364238;41,0.0008278145695364238
vol|41,0.0008278145695364238;41,0.0008278145695364238;41,0.0008278145695364238;41,0.0008278145695364238;41,0.0008278145695364238
void|41,0.0008278145695364238;41,0.0008278145695364238;41,0.0008278145695364238;41,0.0008278145695364238;41,0.0008278145695364238
unit|41,0.0008278145695364238;41,0.0008278145695364238;41,0.0008278145695364238;41,0.0008278145695364238;41,0.0008278145695364238
undergrad|41,0.0008278145695364238;41,0.0008278145695364238;41,0.0008278145695364238;41,0.0008278145695364238;41,0.0008278145695364238
type|41,0.0016556291390728477;41,0.0016556291390728477;41,0.0016556291390728477;41,0.0016556291390728477;41,0.0016556291390728477
topss|41,0.0008278145695364238;41,0.0008278145695364238;41,0.0008278145695364238;41,0.0008278145695364238;41,0.0008278145695364238
topic|41,0.0024834437086092716;41,0.0024834437086092716;41,0.0024834437086092716;41,0.0024834437086092716;41,0.0024834437086092716
tf|41,0.0016556291390728477;41,0.0016556291390728477;41,0.0016556291390728477;41,0.0016556291390728477;41,0.0016556291390728477
text|41,0.0033112582781456954;41,0.0033112582781456954;41,0.0033112582781456954;41,0.0033112582781456954;41,0.0033112582781456954
technolog|41,0.0008278145695364238;41,0.0008278145695364238;41,0.0008278145695364238;41,0.0008278145695364238;41,0.0008278145695364238
task|41,0.0008278145695364238;41,0.0008278145695364238;41,0.0008278145695364238;41,0.0008278145695364238;41,0.0008278145695364238
tackl|41,0.0008278145695364238;41,0.0008278145695364238;41,0.0008278145695364238;41,0.0008278145695364238;41,0.0008278145695364238
solut|41,0.0008278145695364238;41,0.0008278145695364238;41,0.0008278145695364238;41,0.0008278145695364238;41,0.0008278145695364238
smoothen|41,0.0008278145695364238;41,0.0008278145695364238;41,0.0008278145695364238;41,0.0008278145695364238;41,0.0008278145695364238
show|41,0.0008278145695364238;41,0.0008278145695364238;41,0.0008278145695364238;41,0.0008278145695364238;41,0.0008278145695364238
scope|41,0.0008278145695364238;41,0.0008278145695364238;41,0.0008278145695364238;41,0.0008278145695364238;41,0.0008278145695364238
scale|41,0.0008278145695364238;41,0.0008278145695364238;41,0.0008278145695364238;41,0.0008278145695364238;41,0.0008278145695364238
satisfi|41,0.0008278145695364238;41,0.0008278145695364238;41,0.0008278145695364238;41,0.0008278145695364238;41,0.0008278145695364238
satisfact|41,0.0016556291390728477;41,0.0016556291390728477;41,0.0016556291390728477;41,0.0016556291390728477;41,0.0016556291390728477
result|41,0.0008278145695364238;41,0.0008278145695364238;41,0.0008278145695364238;41,0.0008278145695364238;41,0.0008278145695364238
reluct|41,0.0008278145695364238;41,0.0008278145695364238;41,0.0008278145695364238;41,0.0008278145695364238;41,0.0008278145695364238
reject|41,0.0008278145695364238;41,0.0008278145695364238;41,0.0008278145695364238;41,0.0008278145695364238;41,0.0008278145695364238
regard|41,0.0008278145695364238;41,0.0008278145695364238;41,0.0008278145695364238;41,0.0008278145695364238;41,0.0008278145695364238
provid|41,0.0016556291390728477;41,0.0016556291390728477;41,0.0016556291390728477;41,0.0016556291390728477;41,0.0016556291390728477
proven|41,0.0008278145695364238;41,0.0008278145695364238;41,0.0008278145695364238;41,0.0008278145695364238;41,0.0008278145695364238
pose|41,0.0008278145695364238;41,0.0008278145695364238;41,0.0008278145695364238;41,0.0008278145695364238;41,0.0008278145695364238
pool|41,0.0008278145695364238;41,0.0008278145695364238;41,0.0008278145695364238;41,0.0008278145695364238;41,0.0008278145695364238
place|41,0.0016556291390728477;41,0.0016556291390728477;41,0.0016556291390728477;41,0.0016556291390728477;41,0.0016556291390728477
petrov|41,0.0008278145695364238;41,0.0008278145695364238;41,0.0008278145695364238;41,0.0008278145695364238;41,0.0008278145695364238
pair|41,0.0008278145695364238;41,0.0008278145695364238;41,0.0008278145695364238;41,0.0008278145695364238;41,0.0008278145695364238
overlook|41,0.0008278145695364238;41,0.0008278145695364238;41,0.0008278145695364238;41,0.0008278145695364238;41,0.0008278145695364238
output|41,0.0008278145695364238;41,0.0008278145695364238;41,0.0008278145695364238;41,0.0008278145695364238;41,0.0008278145695364238
n|41,0.0008278145695364238;41,0.0008278145695364238;41,0.0008278145695364238;41,0.0008278145695364238;41,0.0008278145695364238
moment|41,0.0008278145695364238;41,0.0008278145695364238;41,0.0008278145695364238;41,0.0008278145695364238;41,0.0008278145695364238
manual|41,0.0008278145695364238;41,0.0008278145695364238;41,0.0008278145695364238;41,0.0008278145695364238;41,0.0008278145695364238
make|41,0.0016556291390728477;41,0.0016556291390728477;41,0.0016556291390728477;41,0.0016556291390728477;41,0.0016556291390728477
lot|41,0.0008278145695364238;41,0.0008278145695364238;41,0.0008278145695364238;41,0.0008278145695364238;41,0.0008278145695364238
lectur|41,0.0008278145695364238;41,0.0008278145695364238;41,0.0008278145695364238;41,0.0008278145695364238;41,0.0008278145695364238
languag|41,0.0008278145695364238;41,0.0008278145695364238;41,0.0008278145695364238;41,0.0008278145695364238;41,0.0008278145695364238
l|41,0.0008278145695364238;41,0.0008278145695364238;41,0.0008278145695364238;41,0.0008278145695364238;41,0.0008278145695364238
kenya|41,0.0008278145695364238;41,0.0008278145695364238;41,0.0008278145695364238;41,0.0008278145695364238;41,0.0008278145695364238
jacobsen|41,0.0008278145695364238;41,0.0008278145695364238;41,0.0008278145695364238;41,0.0008278145695364238;41,0.0008278145695364238
issu|41,0.0008278145695364238;41,0.0008278145695364238;41,0.0008278145695364238;41,0.0008278145695364238;41,0.0008278145695364238
introduct|41,0.0008278145695364238;41,0.0008278145695364238;41,0.0008278145695364238;41,0.0008278145695364238;41,0.0008278145695364238
instanc|41,0.0008278145695364238;41,0.0008278145695364238;41,0.0008278145695364238;41,0.0008278145695364238;41,0.0008278145695364238
incorpor|41,0.0008278145695364238;41,0.0008278145695364238;41,0.0008278145695364238;41,0.0008278145695364238;41,0.0008278145695364238
improv|41,0.0008278145695364238;41,0.0008278145695364238;41,0.0008278145695364238;41,0.0008278145695364238;41,0.0008278145695364238
import|41,0.0016556291390728477;41,0.0016556291390728477;41,0.0016556291390728477;41,0.0016556291390728477;41,0.0016556291390728477
implement|41,0.0016556291390728477;41,0.0016556291390728477;41,0.0016556291390728477;41,0.0016556291390728477;41,0.0016556291390728477
ijaa|41,0.0008278145695364238;41,0.0008278145695364238;41,0.0008278145695364238;41,0.0008278145695364238;41,0.0008278145695364238
idf|41,0.0016556291390728477;41,0.0016556291390728477;41,0.0016556291390728477;41,0.0016556291390728477;41,0.0016556291390728477
identifi|41,0.0008278145695364238;41,0.0008278145695364238;41,0.0008278145695364238;41,0.0008278145695364238;41,0.0008278145695364238
html|41,0.0008278145695364238;41,0.0008278145695364238;41,0.0008278145695364238;41,0.0008278145695364238;41,0.0008278145695364238
howev|41,0.0008278145695364238;41,0.0008278145695364238;41,0.0008278145695364238;41,0.0008278145695364238;41,0.0008278145695364238
handl|41,0.0008278145695364238;41,0.0008278145695364238;41,0.0008278145695364238;41,0.0008278145695364238;41,0.0008278145695364238
h|41,0.0016556291390728477;41,0.0016556291390728477;41,0.0016556291390728477;41,0.0016556291390728477;41,0.0016556291390728477
graduat|41,0.0008278145695364238;41,0.0008278145695364238;41,0.0008278145695364238;41,0.0008278145695364238;41,0.0008278145695364238
gate|41,0.0008278145695364238;41,0.0008278145695364238;41,0.0008278145695364238;41,0.0008278145695364238;41,0.0008278145695364238
gap|41,0.0008278145695364238;41,0.0008278145695364238;41,0.0008278145695364238;41,0.0008278145695364238;41,0.0008278145695364238
function|41,0.0008278145695364238;41,0.0008278145695364238;41,0.0008278145695364238;41,0.0008278145695364238;41,0.0008278145695364238
free|41,0.0008278145695364238;41,0.0008278145695364238;41,0.0008278145695364238;41,0.0008278145695364238;41,0.0008278145695364238
focu|41,0.0008278145695364238;41,0.0008278145695364238;41,0.0008278145695364238;41,0.0008278145695364238;41,0.0008278145695364238
fit|41,0.0008278145695364238;41,0.0008278145695364238;41,0.0008278145695364238;41,0.0008278145695364238;41,0.0008278145695364238
fast|41,0.0016556291390728477;41,0.0016556291390728477;41,0.0016556291390728477;41,0.0016556291390728477;41,0.0016556291390728477
fang|41,0.0008278145695364238;41,0.0008278145695364238;41,0.0008278145695364238;41,0.0008278145695364238;41,0.0008278145695364238
expertis|41,0.0016556291390728477;41,0.0016556291390728477;41,0.0016556291390728477;41,0.0016556291390728477;41,0.0016556291390728477
execut|41,0.0008278145695364238;41,0.0008278145695364238;41,0.0008278145695364238;41,0.0008278145695364238;41,0.0008278145695364238
ensur|41,0.0024834437086092716;41,0.0024834437086092716;41,0.0024834437086092716;41,0.0024834437086092716;41,0.0024834437086092716
either|41,0.0008278145695364238;41,0.0008278145695364238;41,0.0008278145695364238;41,0.0008278145695364238;41,0.0008278145695364238
document|41,0.0008278145695364238;41,0.0008278145695364238;41,0.0008278145695364238;41,0.0008278145695364238;41,0.0008278145695364238
digit|41,0.0008278145695364238;41,0.0008278145695364238;41,0.0008278145695364238;41,0.0008278145695364238;41,0.0008278145695364238
diaz|41,0.0008278145695364238;41,0.0008278145695364238;41,0.0008278145695364238;41,0.0008278145695364238;41,0.0008278145695364238
decis|41,0.0008278145695364238;41,0.0008278145695364238;41,0.0008278145695364238;41,0.0008278145695364238;41,0.0008278145695364238
daunt|41,0.0008278145695364238;41,0.0008278145695364238;41,0.0008278145695364238;41,0.0008278145695364238;41,0.0008278145695364238
current|41,0.0008278145695364238;41,0.0008278145695364238;41,0.0008278145695364238;41,0.0008278145695364238;41,0.0008278145695364238
creat|41,0.0008278145695364238;41,0.0008278145695364238;41,0.0008278145695364238;41,0.0008278145695364238;41,0.0008278145695364238
consum|41,0.0008278145695364238;41,0.0008278145695364238;41,0.0008278145695364238;41,0.0008278145695364238;41,0.0008278145695364238
consult|41,0.0008278145695364238;41,0.0008278145695364238;41,0.0008278145695364238;41,0.0008278145695364238;41,0.0008278145695364238
conflat|41,0.0008278145695364238;41,0.0008278145695364238;41,0.0008278145695364238;41,0.0008278145695364238;41,0.0008278145695364238
complet|41,0.0008278145695364238;41,0.0008278145695364238;41,0.0008278145695364238;41,0.0008278145695364238;41,0.0008278145695364238
combin|41,0.0008278145695364238;41,0.0008278145695364238;41,0.0008278145695364238;41,0.0008278145695364238;41,0.0008278145695364238
com|41,0.0008278145695364238;41,0.0008278145695364238;41,0.0008278145695364238;41,0.0008278145695364238;41,0.0008278145695364238
choos|41,0.0008278145695364238;41,0.0008278145695364238;41,0.0008278145695364238;41,0.0008278145695364238;41,0.0008278145695364238
choic|41,0.0016556291390728477;41,0.0016556291390728477;41,0.0016556291390728477;41,0.0016556291390728477;41,0.0016556291390728477
c|41,0.0008278145695364238;41,0.0008278145695364238;41,0.0008278145695364238;41,0.0008278145695364238;41,0.0008278145695364238
burcea|41,0.0008278145695364238;41,0.0008278145695364238;41,0.0008278145695364238;41,0.0008278145695364238;41,0.0008278145695364238
bias|41,0.0008278145695364238;41,0.0008278145695364238;41,0.0008278145695364238;41,0.0008278145695364238;41,0.0008278145695364238
awar|41,0.0008278145695364238;41,0.0008278145695364238;41,0.0008278145695364238;41,0.0008278145695364238;41,0.0008278145695364238
autom|41,0.0008278145695364238;41,0.0008278145695364238;41,0.0008278145695364238;41,0.0008278145695364238;41,0.0008278145695364238
audienc|41,0.0008278145695364238;41,0.0008278145695364238;41,0.0008278145695364238;41,0.0008278145695364238;41,0.0008278145695364238
attain|41,0.0016556291390728477;41,0.0016556291390728477;41,0.0016556291390728477;41,0.0016556291390728477;41,0.0016556291390728477
assist|41,0.0008278145695364238;41,0.0008278145695364238;41,0.0008278145695364238;41,0.0008278145695364238;41,0.0008278145695364238
articl|41,0.0008278145695364238;41,0.0008278145695364238;41,0.0008278145695364238;41,0.0008278145695364238;41,0.0008278145695364238
appear|41,0.0008278145695364238;41,0.0008278145695364238;41,0.0008278145695364238;41,0.0008278145695364238;41,0.0008278145695364238
answer|41,0.0008278145695364238;41,0.0008278145695364238;41,0.0008278145695364238;41,0.0008278145695364238;41,0.0008278145695364238
allow|41,0.0016556291390728477;41,0.0016556291390728477;41,0.0016556291390728477;41,0.0016556291390728477;41,0.0016556291390728477
allevi|41,0.0008278145695364238;41,0.0008278145695364238;41,0.0008278145695364238;41,0.0008278145695364238;41,0.0008278145695364238
algorithm|41,0.0008278145695364238;41,0.0008278145695364238;41,0.0008278145695364238;41,0.0008278145695364238;41,0.0008278145695364238
agricultur|41,0.0008278145695364238;41,0.0008278145695364238;41,0.0008278145695364238;41,0.0008278145695364238;41,0.0008278145695364238
achiev|41,0.0008278145695364238;41,0.0008278145695364238;41,0.0008278145695364238;41,0.0008278145695364238;41,0.0008278145695364238
abl|41,0.0008278145695364238;41,0.0008278145695364238;41,0.0008278145695364238;41,0.0008278145695364238;41,0.0008278145695364238
29|41,0.0008278145695364238;41,0.0008278145695364238;41,0.0008278145695364238;41,0.0008278145695364238;41,0.0008278145695364238
2007|41,0.0008278145695364238;41,0.0008278145695364238;41,0.0008278145695364238;41,0.0008278145695364238;41,0.0008278145695364238
2003|41,0.0008278145695364238;41,0.0008278145695364238;41,0.0008278145695364238;41,0.0008278145695364238;41,0.0008278145695364238
0|41,0.0024834437086092716;41,0.0024834437086092716;41,0.0024834437086092716;41,0.0024834437086092716;41,0.0024834437086092716
